MY_ACCOUNT_ID=0.0.34117544
MY_PRIVATE_KEY=302e020100300506032b657004220420bf9f3a5a176c4dd7a2890c0d9be5417c9c743bafe34a38eb49f34e22e74bc831
TREASURY_ID=0.0.34117544
TREASURY_PVKEY=302e020100300506032b657004220420bf9f3a5a176c4dd7a2890c0d9be5417c9c743bafe34a38eb49f34e22e74bc831
OPERATOR_ID=0.0.34117544
OPERATOR_PVKEY=302e020100300506032b657004220420bf9f3a5a176c4dd7a2890c0d9be5417c9c743bafe34a38eb49f34e22e74bc831
ALICE_ID=0.0.34168567
ALICE_PVKEY=302e020100300506032b6570042204209b01753fd2a9ba97338a3c90e254da2083357fd7f7c943ef9bbdfca6b6bfaddb