T2=0.0.48856248
T2P=302e020100300506032b65700422042059c433b805bd0443b73d75e7838d443d7e2951e171d899d5bd32b1584d1d3b99
NL3=0.0.1082962
NL3P=302e020100300506032b657004220420d80b93eac6c1607ffed29acd1b09218543ac75962aa9c7009b6e15bb25e7ff00
KMSSUPPLYKEY=302e020100300506032b657004220420da88de15a219b9a7405be3d131e0150eb64fe4cba68aa0f1a56374b13755d681