MY_ACCOUNT_ID=0.0.34117544
MY_PRIVATE_KEY=302e020100300506032b657004220420bf9f3a5a176c4dd7a2890c0d9be5417c9c743bafe34a38eb49f34e22e74bc831
TREASURY_ID=0.0.34117544
TREASURY_PVKEY=302e020100300506032b657004220420bf9f3a5a176c4dd7a2890c0d9be5417c9c743bafe34a38eb49f34e22e74bc831
OPERATOR_ID=0.0.34117544
OPERATOR_PVKEY=302e020100300506032b657004220420bf9f3a5a176c4dd7a2890c0d9be5417c9c743bafe34a38eb49f34e22e74bc831
ALICE_ID=0.0.34168567
ALICE_PVKEY=302e020100300506032b6570042204209b01753fd2a9ba97338a3c90e254da2083357fd7f7c943ef9bbdfca6b6bfaddb
SAM=302e020100300506032b657004220420aa715ab05f5aeb55764d84b40a3685cce6aa3723022818a8132e89e0939ec47e
SAMPB=0.0.34172677
NL2=0.0.961660
NL2P=302e020100300506032b657004220420c9220414fb9444ada9f21801faa3667d8e44eb41c769fe54439b26a7b3259d73